23 23 23 23 23 23 23 23 23 23 23 23 23 23 23 23 23 23 23 23 23 23 23 23 23 23 23 23 23 23 23 23 23 23 23 23 23 23 23 23 23 23 23 23 23 23 23 23 23 23 23 23 23 23 23 23 23 23 23 23 23 23 23 23 23 23 23 23 23 23 23 23 23 23 23 23 23 23 23 23 23 23 23 23 23 23 23 23 23 23 23 23 23 23 23 23 23 23 23 23 
23 23 23 23 23 23 23 23 23 35 35 35 23 23 23 23 23 23 23 23 23 23 23 23 23 23 23 23 23 23 23 23 23 23 23 23 23 23 23 23 23 23 23 23 23 23 23 38 23 38 23 23 23 23 23 23 23 23 23 23 23 23 23 23 23 23 23 23 23 35 35 35 35 23 23 23 23 35 35 23 23 23 23 23 23 23 23 23 23 23 23 35 35 35 35 35 35 35 35 23 
23 23 23 23 23 23 23 23 23 35 36 35 23 23 23 23 23 23 23 23 23 23 23 23 23 23 23 23 23 23 23 23 23 23 23 23 23 23 23 23 23 35 35 35 35 35 35 35 35 35 35 35 35 35 35 35 35 23 23 23 23 23 23 23 23 23 23 23 23 35 23 23 35 23 23 23 23 35 35 35 23 23 35 35 35 23 23 23 23 23 23 35 35 35 35 23 23 23 23 23 
23 23 23 23 23 23 23 23 23 35 35 35 23 23 23 23 23 23 23 23 23 23 23 23 23 23 23 23 23 23 23 23 23 23 23 23 23 23 23 23 23 35 35 35 35 35 35 35 35 35 35 35 35 35 35 35 35 23 23 23 23 23 23 23 23 23 23 23 23 35 35 23 35 35 23 23 35 35 23 35 23 23 35 35 35 23 23 23 23 23 23 35 35 35 35 35 23 23 23 23 
23 23 23 23 23 23 23 23 23 35 35 35 23 23 23 23 23 23 23 23 23 23 23 23 23 23 23 23 23 23 23 23 23 23 23 23 23 23 23 23 23 35 35 35 35 35 35 35 35 35 35 35 35 35 35 35 35 23 23 23 23 23 23 23 23 23 23 23 23 23 35 23 23 35 23 23 35 23 23 35 23 23 35 35 35 35 35 35 35 23 23 23 23 23 23 35 23 23 23 23 
23 23 23 23 23 23 23 23 23 35 35 35 23 23 23 23 23 23 23 23 23 23 23 23 23 23 23 23 23 23 23 23 23 23 23 23 23 23 23 23 23 35 35 35 35 35 35 35 35 35 35 35 35 35 35 35 35 23 23 23 35 35 35 35 35 23 23 23 23 23 35 35 23 35 23 23 35 23 23 35 23 23 23 23 35 23 23 23 35 23 23 23 23 23 23 35 23 23 23 23 
23 23 23 23 23 23 23 23 23 35 35 35 23 23 23 23 23 23 23 23 23 23 23 23 23 23 23 23 23 23 23 23 23 23 23 23 23 23 23 23 23 35 35 35 35 35 35 35 35 35 35 35 35 35 35 35 35 23 23 23 35 23 23 23 35 35 35 35 23 23 23 35 23 35 23 23 35 23 23 35 23 23 23 23 35 23 23 23 35 23 23 23 23 23 35 35 23 23 23 23 
23 23 23 23 23 23 23 23 23 35 35 35 35 35 35 23 23 23 23 23 23 23 23 23 23 23 23 23 23 23 23 23 23 23 23 23 23 23 23 23 23 35 35 35 35 35 35 35 35 35 35 35 35 35 35 35 35 23 23 23 35 23 23 23 23 23 23 35 35 35 35 35 23 35 35 23 35 23 23 35 23 23 23 23 35 23 23 23 35 35 35 35 35 35 35 23 23 23 23 23 
23 23 23 23 23 23 23 23 23 23 23 23 23 35 35 35 35 23 23 23 23 23 23 23 23 23 23 23 23 23 23 23 23 23 23 23 23 23 23 23 23 35 35 35 35 35 35 35 35 35 35 35 35 35 35 35 35 23 23 23 35 35 35 35 23 23 23 23 23 23 23 23 23 23 35 35 35 23 23 35 35 35 35 35 35 23 23 23 23 23 23 23 23 23 23 23 23 23 23 23 
23 23 23 23 23 23 23 23 23 23 23 23 23 35 35 35 35 35 35 23 23 23 23 23 23 23 23 23 23 23 23 23 23 23 23 23 23 23 23 23 23 35 35 35 35 35 35 35 35 35 35 35 35 35 35 35 35 23 23 23 23 23 23 35 35 23 23 23 23 23 23 23 23 23 23 23 23 23 23 23 23 23 23 23 23 23 23 23 23 23 23 23 23 23 23 23 23 23 23 23 
23 23 23 23 23 23 23 23 23 23 23 23 23 23 23 35 35 35 35 23 23 23 23 23 23 23 23 23 23 23 23 23 23 23 23 23 23 23 23 23 23 35 35 35 35 35 35 35 35 35 35 35 35 35 35 35 35 23 23 23 23 23 23 23 35 35 23 23 23 23 35 35 35 35 35 35 35 35 23 23 23 23 23 23 23 23 23 23 23 23 23 23 23 23 23 23 23 23 23 23 
23 23 23 23 23 23 23 23 23 23 23 23 23 23 23 23 35 35 35 23 23 23 23 23 23 23 23 23 23 23 23 23 23 23 23 23 23 23 23 23 23 35 35 35 35 35 35 35 35 35 35 35 35 35 35 35 35 23 23 23 23 23 23 23 23 35 35 35 35 35 35 23 23 23 23 23 23 35 23 23 23 23 23 23 23 23 23 23 23 23 23 23 23 23 23 23 23 23 23 23 
23 23 23 23 23 23 23 23 23 23 23 23 23 23 23 23 23 35 35 23 23 23 23 23 23 23 23 23 23 23 23 23 23 23 23 23 23 23 23 23 23 35 35 35 35 35 35 35 35 35 35 35 35 35 35 35 35 23 23 23 23 23 23 23 23 23 23 23 23 23 23 23 23 23 23 23 23 35 35 23 23 23 23 23 23 23 23 23 23 23 23 23 23 23 23 23 23 23 23 23 
23 23 23 23 23 23 23 23 23 23 23 23 23 23 23 23 23 35 35 23 23 23 23 23 23 23 23 23 23 23 23 23 23 23 23 23 23 23 23 23 23 35 35 35 35 35 35 35 35 35 35 35 35 35 35 35 35 23 23 23 23 23 23 23 23 23 23 23 35 35 35 35 35 35 35 35 23 23 35 23 23 23 23 23 23 23 23 23 23 23 23 23 23 23 23 23 23 23 23 23 
23 23 23 23 23 23 23 23 23 23 23 23 23 23 23 23 23 35 35 23 23 23 23 23 23 23 23 23 23 23 23 23 23 23 23 23 23 23 23 23 23 35 35 35 35 35 35 35 35 35 35 35 35 35 35 35 35 23 23 23 23 23 23 23 23 23 23 35 35 23 23 23 23 23 23 35 23 23 35 23 23 23 23 23 23 23 23 23 23 23 23 23 23 23 23 23 23 23 23 23 
23 23 23 23 23 23 23 23 23 23 23 23 23 23 23 23 23 35 35 23 23 23 23 23 23 23 23 23 23 23 23 23 23 23 23 23 23 23 23 23 23 35 35 35 35 35 35 35 35 35 35 35 35 35 35 35 35 23 23 23 23 23 23 23 23 23 23 35 23 23 23 23 23 23 23 35 35 35 35 23 23 23 23 23 23 23 23 23 23 23 23 23 23 23 23 23 23 23 23 23 
23 23 23 23 23 23 23 23 23 23 23 23 23 23 23 23 23 35 35 35 35 35 35 23 23 23 23 23 23 23 23 23 23 23 23 23 23 23 23 23 23 35 35 35 35 35 35 35 35 35 35 35 35 35 35 35 35 23 23 23 23 23 23 23 23 23 23 35 23 23 23 23 23 23 23 23 23 23 23 23 23 23 23 23 23 23 23 23 23 23 23 23 23 23 23 23 23 23 23 23 
23 23 23 23 23 23 23 23 23 23 23 23 23 23 23 35 35 35 35 35 35 35 35 35 23 23 23 23 23 23 23 23 23 23 23 23 23 23 23 23 23 35 35 35 35 35 35 35 35 35 35 35 35 35 35 35 35 23 23 23 23 23 23 23 23 23 23 35 35 23 23 23 23 23 23 23 23 23 23 23 23 23 23 23 23 23 23 23 23 23 23 23 23 23 23 23 23 23 23 23 
23 23 23 23 23 23 23 23 23 23 23 23 23 35 35 35 23 35 35 35 23 23 35 35 23 23 23 23 23 23 23 23 23 23 23 23 23 23 23 23 23 35 35 35 35 35 35 35 35 35 35 35 35 35 35 35 35 23 23 23 23 23 23 23 23 23 23 23 35 35 23 23 23 23 23 23 23 23 23 23 23 23 23 23 23 23 23 23 35 35 23 23 23 23 23 23 23 23 23 23 
23 23 23 23 23 23 23 23 23 23 23 23 35 35 35 23 23 35 35 23 23 23 35 35 23 23 23 23 23 23 23 23 23 23 23 23 23 23 23 23 23 23 23 23 23 23 23 23 35 35 35 23 23 23 23 23 23 23 23 23 23 23 23 23 23 23 23 23 23 35 35 35 23 23 23 23 23 23 23 23 23 23 23 23 35 35 35 23 35 23 23 23 23 23 23 23 23 23 23 23 
23 23 23 23 23 23 23 23 23 23 23 35 35 35 35 23 23 35 35 23 23 35 35 35 23 23 23 23 23 23 23 23 23 23 23 23 23 23 23 23 23 23 23 23 23 23 23 23 35 35 35 23 23 23 23 23 23 23 23 23 23 23 23 23 23 23 23 23 23 23 23 35 35 23 23 23 23 23 23 23 23 23 23 35 35 23 35 35 35 23 23 23 23 23 23 23 23 23 23 23 
23 23 23 23 23 23 23 23 23 23 23 23 35 35 35 23 23 35 35 35 35 35 35 35 23 23 23 23 23 23 23 23 23 23 23 23 23 23 23 23 23 23 23 23 23 23 23 23 35 35 35 23 23 23 23 23 23 23 23 23 23 23 23 23 23 23 23 23 23 23 23 23 35 35 23 23 23 23 23 23 23 23 35 35 23 23 23 35 23 23 23 23 23 23 23 23 23 23 23 23 
23 23 23 23 23 23 23 23 23 23 23 23 23 35 35 35 35 35 35 35 35 35 35 35 23 23 23 23 23 23 23 23 23 23 23 23 23 23 23 23 23 23 23 23 23 23 23 23 35 35 35 23 23 23 23 23 23 23 23 23 23 23 23 23 23 23 23 23 23 23 23 23 23 35 35 23 23 23 23 23 23 35 35 23 23 23 23 23 23 23 23 23 23 23 23 23 23 23 23 23 
23 23 23 23 23 23 23 23 23 23 23 23 23 23 35 23 23 35 35 23 23 35 35 23 23 23 23 23 23 23 23 23 23 23 23 23 23 23 23 23 23 23 23 23 23 23 23 23 35 35 35 23 23 23 23 23 23 23 23 23 23 23 23 23 23 23 23 23 23 23 23 23 23 23 35 35 35 35 23 35 35 35 35 35 23 23 23 35 35 23 23 23 23 23 23 23 23 23 23 23 
23 23 23 23 23 23 23 23 23 23 23 23 23 23 35 23 23 35 35 23 23 35 23 23 23 23 23 23 23 23 23 23 23 23 23 23 23 23 23 23 23 23 23 23 23 23 23 23 35 35 35 23 23 23 23 23 23 23 23 23 23 23 23 23 23 23 23 23 23 23 23 23 23 35 35 23 23 23 35 35 23 23 23 35 35 35 23 35 23 23 23 23 23 23 23 23 23 23 23 23 
23 23 23 23 23 23 23 23 23 23 23 23 23 23 35 23 23 35 35 35 35 35 23 23 23 23 23 23 23 23 23 23 23 23 23 23 23 23 23 23 23 23 23 23 23 23 23 23 35 35 35 23 23 23 23 23 23 23 23 23 23 23 23 23 23 23 23 23 23 35 35 35 35 35 23 23 23 35 35 35 23 35 23 23 23 35 35 35 23 23 23 23 23 23 23 23 23 23 23 23 
23 23 23 23 23 23 23 23 23 23 23 23 23 23 35 35 35 35 35 35 35 35 23 23 23 23 23 23 23 23 23 23 23 23 23 23 23 23 23 23 23 23 23 23 23 23 23 23 35 35 35 23 23 23 23 23 23 23 23 23 23 23 23 23 23 23 23 23 35 35 23 23 23 35 23 23 23 35 35 23 23 35 23 23 23 35 35 23 23 23 23 23 23 23 23 23 23 23 23 23 
23 23 23 23 23 23 23 23 23 23 23 23 23 23 23 23 23 35 35 23 23 23 23 23 23 23 23 23 23 23 23 23 23 23 23 23 23 23 23 23 23 23 23 23 23 23 23 23 35 35 35 23 23 23 23 23 23 23 23 23 23 23 23 23 23 23 35 35 35 23 23 23 23 35 23 23 23 23 23 23 35 35 23 23 23 35 23 23 23 23 23 23 23 23 23 23 23 23 23 23 
23 23 23 23 23 23 23 23 23 23 23 23 23 23 23 23 23 35 35 23 23 23 23 23 23 23 23 23 23 23 23 23 23 23 23 23 23 23 23 23 23 23 23 23 23 23 23 23 35 35 35 23 23 23 23 23 23 23 23 23 23 23 23 23 23 35 35 23 23 23 23 23 23 35 23 23 35 35 35 35 35 35 23 23 23 35 23 23 23 23 23 23 23 23 23 23 23 23 23 23 
23 23 23 23 23 23 23 23 23 23 23 23 23 23 23 23 23 35 35 23 23 23 23 23 23 23 23 23 23 23 23 23 23 23 23 23 23 23 23 23 23 23 23 23 23 23 23 23 35 35 35 23 23 23 23 23 23 35 35 35 35 35 35 23 23 35 35 35 35 35 23 23 23 35 35 23 35 23 23 23 23 35 35 23 35 35 23 23 23 23 23 23 23 23 23 23 23 23 23 23 
23 23 23 23 23 23 23 23 23 23 23 23 23 23 23 23 23 35 35 23 23 23 23 23 23 23 23 23 23 23 23 23 23 23 23 23 23 23 23 23 23 23 23 23 23 23 23 23 35 35 35 23 23 23 23 35 35 35 23 23 23 35 35 35 23 23 35 35 35 35 35 35 35 35 35 35 35 23 23 23 23 23 35 35 35 35 35 23 23 23 23 23 23 23 23 23 23 23 23 23 
23 23 23 23 23 23 23 23 23 23 23 23 23 23 23 23 23 35 35 23 23 23 23 23 23 23 23 23 23 23 23 23 23 23 23 23 23 23 23 23 23 23 23 23 23 23 23 23 35 35 35 23 23 23 23 35 23 23 23 23 23 35 35 35 23 35 35 23 23 23 23 23 23 23 23 35 23 23 23 35 35 35 35 23 23 23 35 35 35 23 23 23 23 23 23 23 23 23 23 23 
23 23 23 23 23 23 23 23 23 23 23 23 23 23 23 23 23 35 35 23 23 23 23 23 23 23 23 23 23 23 23 23 23 23 23 23 23 23 23 23 23 23 23 23 23 23 23 23 35 35 35 23 23 23 35 35 23 23 23 23 23 35 35 23 35 35 23 23 23 23 23 23 23 23 23 35 35 23 35 35 35 35 35 23 23 23 23 23 35 23 23 23 35 35 23 23 23 23 23 23 
23 23 23 23 23 23 23 23 23 23 23 23 23 23 23 23 23 35 35 23 23 23 23 23 23 23 23 23 23 23 23 23 23 23 23 23 23 23 23 23 23 23 23 23 23 23 23 23 35 35 35 23 23 23 35 35 35 35 35 35 23 23 23 23 35 35 35 35 35 23 23 23 23 23 23 23 23 23 23 23 23 23 35 35 23 23 23 23 35 23 23 23 35 23 23 35 23 23 23 23 
23 23 23 23 23 23 23 23 23 23 23 23 23 23 23 23 23 35 35 23 23 23 23 23 23 23 23 23 23 23 23 23 23 23 23 23 23 23 23 23 23 23 23 23 23 23 23 23 35 35 35 23 23 23 35 23 23 23 23 35 35 23 23 23 23 23 23 23 35 35 35 35 35 35 23 23 23 23 23 23 23 23 23 23 23 23 23 23 35 23 23 35 35 23 23 35 23 23 35 23 
23 23 23 23 23 23 23 23 23 23 23 23 23 23 23 23 23 35 35 23 23 23 23 23 23 23 23 23 23 23 23 23 23 23 23 23 23 23 23 23 23 23 23 23 23 23 23 23 35 35 35 23 23 23 35 23 23 23 23 23 35 23 35 23 23 23 23 23 35 35 23 23 23 35 23 23 23 23 23 23 23 23 35 35 35 35 35 35 35 23 23 35 23 23 23 35 35 35 35 23 
23 23 23 23 23 23 23 23 23 23 23 23 23 23 23 23 23 35 35 35 35 35 35 35 35 35 35 35 35 35 35 23 23 23 23 23 23 23 23 23 23 23 23 23 23 23 23 23 35 35 35 23 23 23 35 35 23 23 23 23 35 35 35 23 23 23 35 35 35 35 35 23 23 35 23 23 35 35 35 35 35 35 35 35 23 23 35 35 35 23 35 35 23 23 23 23 23 35 35 23 
23 23 23 23 23 23 23 23 23 23 23 23 23 23 23 23 23 23 23 23 23 23 23 23 23 23 23 23 23 23 35 23 23 23 23 23 23 23 23 23 23 23 23 23 23 23 23 23 35 35 35 23 23 23 23 35 35 23 23 23 23 23 23 23 23 35 35 23 23 23 35 23 35 35 23 35 35 23 23 23 23 35 23 23 23 23 23 35 35 35 35 35 35 23 23 23 35 35 23 23 
23 23 23 23 23 23 23 23 23 23 23 23 23 23 23 23 23 23 23 23 23 23 23 23 23 23 23 23 23 23 35 23 23 23 23 23 23 23 23 23 23 23 23 23 23 23 23 23 35 35 35 23 23 23 23 23 35 35 35 35 35 35 35 35 35 35 23 35 35 23 35 35 35 35 35 35 35 35 23 23 23 23 23 23 23 35 35 35 23 23 23 23 35 35 23 35 35 23 23 23 
23 20 23 20 23 20 23 20 23 20 23 20 23 23 23 23 23 23 23 23 23 23 23 23 23 23 23 23 23 23 35 23 23 23 23 23 23 23 23 23 23 23 23 23 23 23 23 23 35 35 35 23 23 23 23 23 23 23 35 35 35 23 23 23 23 23 23 35 23 23 23 35 23 23 23 35 35 35 35 35 23 23 23 23 35 35 23 23 23 23 23 23 23 35 35 35 23 23 23 23 
23 20 23 20 23 20 23 20 23 20 23 20 23 23 23 23 23 23 23 23 23 23 23 23 23 23 23 23 23 23 35 23 23 23 23 23 23 23 23 23 23 23 23 23 23 23 23 23 35 35 35 23 23 23 23 23 23 23 35 35 23 35 35 35 35 35 35 35 23 23 23 35 23 23 23 35 35 23 23 35 35 35 23 23 35 35 23 23 23 23 23 23 23 35 35 35 35 35 35 23 
23 20 23 20 23 20 23 20 23 20 23 20 23 23 23 23 23 23 23 23 23 23 23 23 23 23 23 23 23 23 35 23 23 23 23 23 23 23 23 23 23 23 23 23 23 23 23 23 35 35 35 23 23 23 23 23 23 23 35 23 23 35 35 23 23 35 35 23 23 23 23 35 35 23 23 35 35 23 35 23 23 35 23 23 23 23 23 23 23 23 23 23 35 35 23 23 23 35 23 23 
0 20 20 20 20 20 20 20 20 20 20 20 20 23 23 23 23 23 23 23 23 23 23 23 23 23 23 23 23 23 35 23 23 23 23 23 23 23 23 23 23 23 23 23 23 23 23 23 23 35 23 23 23 23 23 23 23 23 35 23 23 23 35 35 35 35 35 35 35 35 35 35 35 23 23 35 35 23 35 35 23 35 23 23 23 23 23 23 23 23 35 35 35 23 23 23 23 35 23 23 
0 20 20 0 20 20 20 20 20 20 20 20 20 23 23 23 23 23 23 23 23 23 23 23 23 23 23 23 23 23 35 23 23 23 23 23 23 23 23 23 23 23 23 23 23 23 23 35 35 35 35 35 23 23 23 23 23 23 35 23 35 35 23 23 23 23 23 23 35 23 23 23 23 23 23 35 35 23 23 35 35 35 23 23 35 35 35 35 35 35 35 23 23 23 23 23 23 35 23 23 
0 20 20 20 20 20 20 20 20 20 0 20 20 23 23 23 23 23 23 23 23 23 23 23 23 23 23 23 23 23 35 23 23 23 23 23 23 23 23 23 23 23 23 23 23 23 35 35 35 35 35 35 35 23 23 23 23 23 35 35 35 23 23 23 23 23 23 35 35 23 23 23 23 23 23 35 35 23 23 23 23 23 23 23 35 23 23 23 23 23 23 23 23 23 23 23 23 35 35 23 
0 20 20 20 20 20 20 20 20 20 20 20 20 23 23 23 23 23 23 23 23 23 23 23 23 23 23 23 23 23 35 23 23 23 23 23 23 23 23 23 23 23 23 23 23 35 35 35 35 35 35 35 35 35 23 23 23 23 35 35 23 23 35 35 35 35 35 35 23 23 23 23 23 23 23 35 35 23 23 23 23 23 23 23 35 23 23 35 35 23 23 23 23 23 23 23 23 23 35 23 
0 20 20 20 20 20 0 0 20 20 20 20 20 35 35 35 35 35 35 35 35 35 35 35 35 35 35 35 35 35 35 35 35 35 35 35 35 35 35 35 35 35 35 35 35 35 35 35 35 35 35 35 35 35 35 35 35 35 35 35 35 35 35 35 35 35 35 35 35 35 35 35 35 35 35 35 35 35 35 23 23 23 35 35 35 23 23 23 35 23 23 23 23 23 23 23 35 35 35 23 
0 20 20 20 20 20 0 0 20 20 20 20 20 35 35 35 35 35 35 35 35 35 35 35 35 35 35 35 35 35 35 35 35 35 35 35 35 35 35 35 35 35 35 35 35 35 35 35 35 35 35 35 35 35 35 35 35 35 35 35 35 35 35 35 35 35 35 35 35 35 35 35 35 35 35 35 35 35 35 23 23 23 23 35 23 23 23 35 35 35 35 35 35 35 35 35 35 23 23 23 
0 20 20 20 20 20 20 20 20 20 20 20 20 23 23 23 23 23 23 23 35 35 35 35 35 23 23 23 23 23 23 23 23 23 23 23 23 23 23 23 23 23 23 23 23 35 35 35 35 35 35 35 35 35 23 23 23 23 23 23 23 23 23 23 23 23 35 23 23 23 23 23 23 23 23 23 23 35 35 23 23 23 23 35 35 35 35 35 23 23 23 23 23 35 35 23 23 23 23 23 
0 20 20 20 20 20 20 20 20 20 20 20 20 23 23 23 23 23 23 23 35 35 35 35 35 23 23 23 23 23 23 23 23 23 23 23 23 23 23 23 23 23 23 23 23 23 35 35 35 35 35 35 35 23 23 23 23 23 23 23 23 23 23 23 23 23 35 23 23 23 23 23 23 23 23 23 23 35 35 23 23 23 23 23 35 35 23 23 23 23 23 23 23 23 35 23 23 23 23 23 
0 20 20 0 0 20 20 20 20 0 20 20 20 23 23 23 23 23 23 23 23 35 35 35 23 23 23 23 23 23 23 23 23 23 23 23 23 23 23 23 23 23 23 23 23 23 23 23 23 38 23 23 23 23 23 23 23 23 23 23 23 23 23 23 23 23 35 23 23 23 23 23 23 23 23 23 23 35 35 23 23 23 23 23 23 23 23 23 23 23 23 23 23 23 35 23 23 23 35 23 
0 20 20 0 0 20 20 20 20 0 20 20 20 23 23 23 23 23 23 23 23 35 35 35 23 23 23 23 23 23 23 23 23 23 23 23 23 23 23 23 23 23 23 23 23 23 23 23 23 23 23 23 23 23 23 23 23 23 23 23 23 23 23 23 23 35 35 35 23 23 23 23 23 23 23 23 23 35 35 35 35 35 35 35 35 35 35 35 35 35 35 23 23 23 35 35 35 35 35 23 
23 20 23 20 23 20 23 20 23 20 23 20 23 23 23 23 23 23 23 23 23 35 35 35 23 23 23 23 23 23 23 23 23 23 23 23 23 23 23 23 23 23 23 23 23 23 23 23 23 23 23 23 23 23 23 23 23 23 23 23 23 23 23 23 35 35 35 35 35 23 23 23 23 23 23 23 23 35 35 35 35 35 35 35 35 35 35 35 35 35 35 23 23 23 23 23 23 35 23 23 
23 20 23 20 23 20 23 20 23 20 23 20 23 23 23 23 23 23 23 23 23 35 35 35 23 23 23 23 23 23 23 23 23 23 23 23 23 23 23 23 23 23 23 23 23 23 23 23 23 23 23 23 23 23 23 23 23 23 23 23 23 23 23 35 35 35 35 35 35 35 23 23 23 23 23 23 23 23 23 23 23 23 23 23 23 23 23 23 23 35 35 23 23 23 23 23 23 23 23 23 
23 20 23 20 23 20 23 20 23 20 23 20 23 23 23 23 23 23 23 23 35 35 35 35 35 23 23 23 23 23 23 23 23 23 23 23 23 23 23 23 23 23 23 23 23 23 23 23 23 23 23 23 23 23 23 23 23 23 23 23 23 23 23 23 35 35 35 35 35 23 23 23 23 23 23 23 23 23 23 23 23 23 23 23 23 23 23 23 23 35 35 23 23 23 23 23 23 23 23 23 
23 23 23 23 23 23 23 23 23 23 23 23 23 23 23 23 23 23 23 23 35 35 35 35 35 23 23 23 23 23 23 23 23 23 23 23 23 23 23 23 23 23 23 23 23 23 23 23 23 23 23 23 23 23 23 23 23 23 23 23 23 23 23 23 23 35 36 35 23 23 23 23 23 23 23 23 23 23 23 23 23 23 23 23 23 35 35 35 35 35 35 35 35 35 35 23 23 23 23 23 
23 23 23 23 23 23 23 23 23 23 23 23 23 23 23 23 23 23 23 23 35 35 35 35 35 23 23 23 23 23 23 23 23 23 23 23 23 23 23 23 23 23 23 23 23 23 23 23 23 23 23 23 23 23 23 23 23 23 23 23 23 23 23 23 23 23 35 23 23 23 23 23 23 23 23 23 23 23 23 23 23 23 23 23 23 35 35 35 35 35 35 35 35 35 35 23 23 23 23 23 
23 23 23 23 23 23 23 23 23 23 23 23 23 23 23 23 23 23 23 23 35 35 35 35 35 23 23 23 23 23 23 23 23 23 23 23 23 23 23 23 23 23 23 23 23 23 23 23 23 23 23 23 23 23 23 23 23 23 23 23 23 23 23 23 23 23 23 23 23 23 23 23 23 23 23 23 23 23 23 23 23 23 23 23 23 35 35 35 35 35 35 35 35 35 35 23 23 23 23 23 
23 23 23 23 23 23 23 23 23 23 23 23 23 23 23 23 23 23 23 35 35 35 35 35 35 35 23 23 23 23 23 23 23 23 23 23 23 23 23 23 23 23 23 23 23 23 23 23 23 23 23 23 23 23 23 23 23 23 23 23 23 23 23 23 23 23 23 23 23 23 23 23 23 23 23 23 23 23 23 23 23 23 23 23 23 35 35 35 35 35 35 35 35 35 35 23 23 23 23 23 
23 23 23 23 23 23 23 23 23 23 23 23 23 23 23 23 23 23 23 35 35 35 35 35 35 35 23 23 23 23 23 23 23 23 23 23 23 23 23 23 23 23 23 23 23 23 23 23 23 23 23 23 23 23 23 23 23 23 23 23 23 23 23 23 23 23 23 23 23 23 23 23 23 23 23 23 23 23 23 23 23 23 23 23 23 35 35 35 35 35 35 35 35 35 35 23 23 23 23 23 
23 23 23 23 23 23 23 23 23 23 23 23 23 23 23 23 23 23 23 35 35 35 35 35 35 35 23 23 23 23 23 23 23 23 23 23 23 23 23 23 23 23 23 23 23 23 23 23 23 23 23 23 23 23 23 23 23 23 23 23 23 23 23 23 23 23 23 23 23 23 23 23 23 23 23 23 23 23 23 23 23 23 23 23 23 35 35 35 35 35 35 35 35 35 35 23 23 23 23 23 
23 23 23 23 23 23 23 23 23 23 23 23 23 23 23 23 23 23 23 35 35 35 35 35 35 35 23 23 23 23 23 23 23 23 23 23 23 23 23 23 23 23 23 23 23 23 23 23 23 23 23 23 23 23 23 23 23 23 23 23 23 23 23 23 23 23 23 23 23 23 23 23 23 23 23 23 23 23 23 23 23 23 23 23 23 35 35 35 35 35 35 35 35 35 35 23 23 23 23 23 
23 23 23 23 23 23 23 23 23 23 23 23 23 23 23 23 23 23 23 35 35 35 35 35 35 35 23 23 23 23 23 23 23 23 23 23 23 23 23 23 23 23 23 23 23 23 23 23 23 23 23 23 23 23 23 23 23 23 23 23 23 23 23 23 23 23 23 23 23 23 23 23 23 23 23 23 23 23 23 23 23 23 23 23 23 35 35 35 35 35 35 35 35 35 35 23 23 23 23 23 
23 23 23 23 23 23 23 23 23 23 23 23 23 23 23 23 23 23 23 35 35 35 35 35 35 35 23 23 23 23 23 23 23 23 23 23 23 23 23 23 23 23 23 23 23 23 23 23 23 23 23 23 23 23 23 23 23 23 23 23 23 23 23 23 23 23 23 23 23 23 23 23 23 23 23 23 23 23 23 23 23 23 23 23 23 35 35 35 35 35 35 35 35 35 35 23 23 23 23 23 
23 23 23 23 23 23 23 23 23 23 23 23 23 23 23 23 23 23 23 35 35 35 35 35 35 35 23 23 23 23 23 23 23 23 23 23 23 23 23 23 23 23 23 23 23 23 23 23 23 23 23 23 23 23 23 23 23 23 23 23 23 23 23 23 23 23 23 23 23 23 23 23 23 23 23 23 23 23 23 23 23 23 23 23 23 35 35 35 35 35 35 35 35 35 35 23 23 23 23 23 
23 23 23 23 23 23 23 23 23 23 23 23 23 23 23 23 23 23 23 35 35 35 35 35 35 35 23 23 23 23 23 23 23 23 23 23 23 23 23 23 23 23 23 23 23 23 23 23 23 23 23 23 23 23 23 23 23 23 23 23 23 23 23 23 23 23 23 23 23 23 23 23 23 23 23 23 23 23 23 23 23 23 23 23 23 23 23 23 23 35 35 23 23 23 23 23 23 23 23 23 
23 23 23 23 23 23 23 23 23 23 23 23 23 23 23 23 23 23 23 35 35 35 35 35 35 35 23 23 23 23 23 23 23 23 23 23 23 23 23 23 23 23 23 23 23 23 23 23 23 23 23 23 23 23 23 23 23 23 23 23 23 23 23 23 23 23 23 23 23 23 23 23 23 23 23 23 23 23 23 23 23 23 23 23 23 23 23 23 23 35 35 23 23 23 23 23 23 23 23 23 
23 23 23 23 23 23 23 23 23 23 23 23 23 23 23 23 23 23 23 35 35 35 35 35 35 35 23 23 23 23 23 23 23 23 23 23 23 23 23 23 23 23 23 23 23 23 23 23 23 23 23 23 23 23 23 23 23 23 23 23 23 23 23 23 23 23 23 23 23 23 23 23 23 23 23 23 23 23 23 23 23 23 23 23 23 23 23 23 23 35 35 23 23 23 23 23 23 23 23 23 
23 23 23 23 23 23 23 23 23 23 23 23 23 23 23 23 23 23 23 35 35 35 35 35 35 35 23 23 23 23 23 23 23 23 23 23 23 23 23 23 23 23 23 23 23 23 35 35 35 35 23 23 23 23 23 23 23 23 23 23 23 23 23 23 23 23 23 23 23 23 23 23 23 23 23 23 23 23 23 23 23 23 23 23 23 23 23 23 23 35 35 23 23 23 23 23 23 23 23 23 
23 23 23 23 23 23 23 23 23 23 23 23 23 23 23 23 23 23 23 35 35 35 35 35 35 35 23 23 23 23 23 23 23 23 23 23 23 23 23 23 23 23 23 23 23 23 35 35 35 35 23 23 23 23 23 23 23 23 23 23 23 23 23 23 23 23 23 23 23 23 23 23 23 23 23 23 23 23 23 23 23 23 23 23 23 23 23 23 23 35 35 23 23 23 23 23 23 23 23 23 
23 23 23 23 23 23 23 23 23 23 23 23 23 23 23 23 23 23 23 35 35 35 35 35 35 35 23 23 23 23 23 23 23 23 23 23 23 23 23 23 23 23 23 23 23 23 35 35 35 35 23 23 23 23 23 23 23 23 23 23 23 23 23 23 23 23 23 23 23 23 23 23 23 23 23 23 23 23 23 23 23 23 23 23 23 23 23 23 23 35 35 23 23 23 23 23 23 23 23 23 
23 23 23 23 23 23 23 23 23 23 23 23 23 23 23 23 23 23 23 35 35 35 35 35 35 35 23 23 23 23 23 23 23 23 23 23 23 23 23 23 23 23 23 23 23 23 35 35 35 35 23 23 23 23 23 23 23 23 23 23 23 23 23 23 23 23 23 23 23 23 23 23 23 23 23 23 23 23 23 23 23 23 23 23 23 23 23 23 23 35 35 23 23 23 23 23 23 23 23 23 
23 23 23 23 23 23 23 23 23 23 23 23 23 23 23 23 23 23 23 35 35 35 35 35 35 35 23 23 23 23 23 23 23 23 23 23 23 23 23 23 23 23 23 23 23 23 23 23 23 23 23 23 23 23 23 23 23 23 23 23 23 23 23 23 23 23 23 23 23 23 23 23 23 23 23 23 23 23 23 23 23 23 23 23 23 23 23 23 23 35 35 23 23 23 23 23 23 23 23 23 
23 23 23 23 23 23 23 23 23 23 23 23 23 23 23 23 23 23 23 35 35 35 35 35 35 35 23 23 23 23 23 23 23 23 23 23 23 23 23 23 23 23 23 23 23 23 23 23 23 23 23 23 23 23 23 23 23 23 23 23 23 23 23 23 23 23 23 23 23 23 23 23 23 23 23 23 23 23 23 23 23 23 23 23 23 23 23 23 23 35 35 23 23 23 23 23 23 23 23 23 
23 23 23 23 23 23 23 23 23 23 23 23 23 23 23 23 23 23 23 35 35 35 35 35 35 35 23 23 23 23 23 23 23 23 23 23 23 23 23 23 23 23 23 23 23 23 23 23 23 23 23 23 23 23 23 23 23 23 23 23 23 23 23 23 23 23 23 23 23 23 23 23 23 23 23 23 23 23 23 23 23 23 23 23 23 23 23 23 23 35 35 23 23 23 23 23 23 23 23 23 
23 23 23 23 23 23 23 23 23 23 23 23 23 23 23 23 23 23 23 35 35 35 35 35 35 35 23 23 23 23 23 23 23 23 23 23 23 23 23 23 23 23 23 23 23 23 23 23 23 23 23 23 23 23 23 23 23 23 23 23 23 23 23 23 23 23 23 23 23 23 23 23 23 23 23 23 23 23 23 23 23 23 23 23 23 23 23 23 23 35 35 23 23 23 23 23 23 23 23 23 
23 23 23 23 23 23 23 23 23 23 23 23 23 23 23 23 23 23 23 35 35 35 35 35 35 35 23 23 23 23 23 23 23 23 23 23 23 23 23 23 23 23 23 23 23 23 23 23 23 23 23 23 23 23 23 23 23 23 23 23 23 23 23 23 23 23 23 23 23 23 23 23 23 23 23 23 23 23 23 23 23 23 23 23 23 23 23 23 23 35 35 23 23 23 23 23 23 23 23 23 
23 23 23 23 23 23 23 23 23 23 23 23 23 23 23 23 23 23 23 35 35 35 35 35 35 35 23 23 23 23 23 23 23 23 23 23 23 23 23 23 23 23 23 23 23 23 23 23 23 23 23 23 23 23 23 23 23 23 23 23 23 23 23 23 23 23 23 23 23 23 23 20 20 20 20 20 20 20 20 20 20 20 20 20 20 20 20 20 20 20 20 20 20 20 20 20 20 20 20 20 
23 23 23 23 23 23 23 23 23 23 23 23 23 23 23 23 23 23 23 35 35 35 35 35 35 35 23 23 23 23 23 23 23 23 23 23 23 23 23 23 23 23 23 23 23 23 23 23 23 23 23 23 23 23 23 23 23 23 23 23 23 23 23 23 23 23 23 23 23 23 23 32 30 30 30 30 30 30 30 30 30 30 30 30 30 30 30 30 30 30 30 30 30 30 30 30 30 30 30 30 
23 23 23 23 23 23 23 23 23 23 23 23 23 23 23 23 23 23 23 35 35 35 35 35 35 35 23 23 23 23 23 23 23 23 23 23 23 23 23 23 23 23 23 23 23 23 23 23 23 23 23 23 23 23 23 23 23 23 23 23 23 23 23 23 23 23 23 23 23 23 23 29 24 24 24 24 24 24 24 24 24 24 24 24 24 24 24 24 24 24 24 24 24 24 24 24 24 24 24 24 
23 23 23 23 23 23 23 23 23 23 23 23 23 23 23 23 23 23 23 35 35 35 35 35 35 35 23 23 23 23 23 23 23 23 23 23 23 23 23 23 23 23 23 23 23 23 23 23 23 23 23 23 23 23 23 23 23 23 23 23 23 23 23 23 23 23 23 23 23 23 23 29 24 24 24 24 24 24 24 24 24 24 24 24 24 24 24 24 24 24 24 24 24 24 24 24 24 24 24 24 
23 23 23 23 23 23 23 23 23 23 23 23 23 23 23 23 23 23 23 35 35 35 35 35 35 35 23 23 23 23 23 23 23 23 23 23 23 23 23 23 23 23 23 23 23 23 23 23 23 23 23 23 23 23 23 23 23 23 23 23 23 23 23 23 23 23 23 23 23 23 23 29 24 24 24 24 24 24 24 24 24 24 24 24 24 24 24 24 24 24 24 24 24 24 24 24 24 24 24 24 
23 23 23 23 23 23 23 23 23 23 23 23 23 23 23 23 23 23 23 35 35 35 35 35 35 35 23 23 23 23 23 23 23 23 23 23 23 23 23 23 23 23 23 23 23 23 23 23 23 23 23 23 23 23 23 23 23 23 23 23 23 23 23 23 23 23 23 23 23 23 23 29 24 24 24 24 24 24 24 24 24 24 24 24 24 24 24 24 24 24 24 24 24 24 24 24 24 24 24 24 
23 23 23 23 23 35 35 35 35 35 35 36 36 36 35 35 35 35 35 35 35 35 35 35 35 35 35 35 36 36 35 35 35 35 36 35 35 35 35 35 23 23 23 23 23 23 23 23 23 23 23 23 23 23 23 23 23 23 23 23 23 23 23 23 23 23 23 23 23 23 23 29 24 24 24 24 24 24 24 24 24 24 24 24 24 24 24 24 24 24 24 24 24 24 24 24 24 24 24 24 
23 23 23 23 23 35 35 35 35 35 35 35 35 35 35 35 35 35 35 35 35 35 35 35 35 35 35 35 35 35 35 35 35 35 35 35 35 35 35 35 23 23 23 23 23 23 23 23 23 23 23 23 23 23 23 23 23 23 23 23 23 23 23 23 23 23 23 23 23 23 23 29 24 24 24 24 24 24 24 24 24 24 24 24 24 24 24 24 24 24 24 24 24 24 24 24 24 24 24 24 
23 23 23 23 23 35 35 35 35 35 35 35 35 35 35 35 35 35 35 35 35 35 35 35 35 35 35 35 35 35 35 35 35 35 35 35 35 35 35 35 23 23 23 23 23 23 23 23 23 23 23 23 23 23 23 23 23 23 23 23 23 23 23 23 23 23 23 23 23 23 23 29 24 24 24 24 24 24 24 24 24 24 24 24 24 24 24 24 24 24 24 24 24 24 24 24 24 24 24 24 
23 23 23 23 23 35 35 35 35 35 35 35 35 35 35 35 35 35 35 35 35 35 36 36 36 36 35 35 35 35 35 35 36 36 35 35 35 36 35 35 23 23 23 23 23 23 23 23 23 23 23 23 23 23 23 23 23 23 23 23 23 23 23 23 23 23 23 23 23 23 23 29 24 24 24 24 24 24 24 24 24 24 24 24 24 24 24 24 24 24 24 24 24 24 24 24 24 24 24 24 
23 23 23 23 23 35 35 35 36 36 36 35 36 36 35 35 35 36 36 35 35 35 35 35 35 35 35 35 35 35 35 36 35 36 35 35 35 35 35 35 23 23 23 23 23 23 23 23 23 23 23 23 23 23 23 23 23 23 23 23 23 23 23 23 23 23 23 23 23 23 23 29 24 24 24 24 24 24 24 24 24 24 24 24 24 24 24 24 24 24 24 24 24 24 24 24 24 24 24 24 
23 23 23 23 23 35 35 35 36 36 36 35 36 35 35 35 35 36 36 35 35 35 35 35 35 35 35 35 35 35 35 36 36 35 35 35 35 35 35 35 23 23 23 23 23 23 23 23 23 23 23 23 23 23 23 23 23 23 23 23 23 23 23 23 23 23 23 23 23 23 23 29 24 24 24 24 24 24 24 24 24 24 24 24 24 24 24 24 24 24 24 24 24 24 24 24 24 24 24 24 
23 23 23 23 23 35 35 35 35 35 35 35 35 35 35 35 35 35 35 35 35 35 35 35 35 36 35 35 35 35 35 35 35 35 35 35 35 35 35 35 23 23 23 23 23 23 23 23 23 23 23 23 23 23 23 23 23 23 23 23 23 23 23 23 23 23 23 23 23 23 23 29 24 24 24 24 24 24 24 24 24 24 24 24 24 24 24 24 24 24 24 24 24 24 24 24 24 24 24 24 
23 23 23 23 23 35 35 35 35 35 35 35 35 35 35 35 35 35 35 35 35 35 35 35 36 36 35 35 35 35 35 35 35 35 35 35 35 36 36 35 23 23 23 23 23 23 23 23 23 23 23 23 23 23 23 23 23 23 23 23 23 23 23 23 23 23 23 23 23 23 23 29 24 24 24 24 24 24 24 24 24 24 24 24 24 24 24 24 24 24 24 24 24 24 24 24 24 24 24 24 
23 23 23 23 23 35 36 36 36 35 35 35 35 35 35 35 35 35 35 35 35 35 35 35 35 35 35 35 35 35 35 35 35 35 35 35 35 35 35 35 23 23 23 23 23 23 23 23 23 23 23 23 23 23 23 23 23 23 23 23 23 23 23 23 23 23 23 23 23 23 23 29 24 24 24 24 24 24 24 24 24 24 24 24 24 24 24 24 24 24 24 24 24 24 24 24 24 24 24 24 
23 23 23 23 23 35 23 23 23 23 23 23 23 23 23 23 23 23 23 23 23 23 23 23 23 23 23 23 23 23 23 23 23 23 23 23 23 23 23 23 23 23 23 23 23 23 23 23 23 23 23 23 23 23 23 23 23 23 23 23 23 23 23 23 23 23 23 23 23 23 23 29 24 24 24 24 24 24 24 24 24 24 24 24 24 24 24 24 24 24 24 24 24 24 24 24 24 24 24 24 
23 23 23 23 23 35 23 23 23 23 23 23 23 23 23 23 23 23 23 23 23 23 23 23 23 23 23 23 23 23 23 23 23 23 23 23 23 23 23 23 23 23 23 23 23 23 23 23 23 23 23 23 23 23 23 23 23 23 23 23 23 23 23 23 23 23 23 23 23 23 23 29 24 24 24 24 24 24 24 24 24 24 24 24 24 24 24 24 24 24 24 24 24 24 24 24 24 24 24 24 
23 23 23 23 23 35 23 23 23 23 23 23 23 23 23 23 23 23 23 23 23 23 23 23 23 23 23 23 23 23 23 23 23 23 23 23 23 23 23 23 23 23 23 23 23 23 23 23 23 23 23 23 23 23 23 23 23 23 23 23 23 23 23 23 23 23 23 23 23 23 23 29 24 24 24 24 24 24 24 24 24 24 24 24 24 24 24 24 24 24 24 24 24 24 24 24 24 24 24 24 
23 23 23 23 23 35 23 23 23 23 23 23 23 23 23 23 23 23 23 23 23 23 23 23 23 23 23 23 23 23 23 23 23 23 23 23 23 23 23 23 23 23 23 23 23 23 23 23 23 23 23 23 23 23 23 23 23 23 23 23 23 23 23 23 23 23 23 23 23 23 23 29 24 24 24 24 24 24 24 24 24 24 24 24 24 24 24 24 24 24 24 24 24 24 24 24 24 24 24 24 
23 23 35 35 35 35 23 23 23 23 23 23 23 23 23 23 23 23 23 23 23 23 23 23 23 23 23 23 23 23 23 23 23 23 23 23 23 23 23 23 23 23 23 23 23 23 23 23 23 23 23 23 23 23 23 23 23 23 23 23 23 23 23 23 23 23 23 23 23 23 23 29 24 24 24 24 24 24 24 24 24 24 24 24 24 24 24 24 24 24 24 24 24 24 24 24 24 24 24 24 
23 23 35 35 35 35 23 23 23 23 23 23 23 23 23 23 23 23 23 23 23 23 23 23 23 23 23 23 23 23 23 23 23 23 23 23 23 23 23 23 23 23 23 23 23 23 23 23 23 23 23 23 23 23 23 23 23 23 23 23 23 23 23 23 23 23 23 23 23 23 23 29 24 24 24 24 24 24 24 24 24 24 24 24 24 24 24 24 24 24 24 24 24 24 24 24 24 24 24 24 
23 23 35 35 35 35 23 23 23 23 23 23 23 23 23 23 23 23 23 23 23 23 23 23 23 23 23 23 23 23 23 23 23 23 23 23 23 23 23 23 23 23 23 23 23 23 23 23 23 23 23 23 23 23 23 23 23 23 23 23 23 23 23 23 23 23 23 23 23 23 23 29 24 24 24 24 24 24 24 24 24 24 24 24 24 24 24 24 24 24 24 24 24 24 24 24 24 24 24 24 
23 23 23 23 23 23 23 23 23 23 23 23 23 23 23 23 23 23 23 23 23 23 23 23 23 23 23 23 23 23 23 23 23 23 23 23 23 23 23 23 23 23 23 23 23 23 23 23 23 23 23 23 23 23 23 23 23 23 23 23 23 23 23 23 23 23 23 23 23 23 23 29 24 24 24 24 24 24 24 24 24 24 24 24 24 24 24 24 24 24 24 24 24 24 24 24 24 24 24 24 
